83
50
12345	469
00000000000000000000000000000000000000000000000000000000000000000000000000000000000
00000000000000000000000000000000000000000000000000000000000000000000000000000000000
00000000000000000000000000000000000000000000000000000000000000000000000000000000000
00000000000000000000000000000000000000000000000000000000001111111111111111000000000
00000000000011111111111111111111111111111111111111111111111222225222222221000000000
00000000000012222222322222222222222222222222222222222222252222222222222221000000000
00000000000012222222222222211112111111111111111111211111111222222222222221000000000
00000000000012222222222222210012100000000000000001210000001222222222222221000000000
00000000000012222222222222210012100000000000000001210000001222222222222221000000000
00000000000012222222222222210012100000000000000001210000001422222222222221000000000
00000000000012222222222222210012100001111111000001210000001222222222222221000000000
00000000000012222222222222210012100001222221000001210000001222222222222221000000000
00000000000012222222222222210012100001222221000001210000001222222222222221000000000
00000000000012222222222222210012100001222221000001210000001222222222222221000000000
00000000000012222422222222210012100001222521000001210000001222222222222221000000000
00000000000012222222222222210012100001222221000001210000001222222222222221000000000
00000000000012222242222222210012100001222221001111210000001222222222222221000000000
00000000000012222222222222210012100001222221001222210000001211111111111121000000000
00111111100012222222222222210012100001222221111222210000001210000000000121000000000
00122222100011111111111111110012100001222222222222210000001210000000000121000000000
00122222100000000000000000000012100001222221111222210000001210000000000121000000000
00122222100000000000000000000012100001222221001121110000001210000000000121000000000
00122222100000000000000000000012100001222221000121000000001210000000000121000000000
00122222100000000000000000000012100001222221000121000000001210000000000121000000000
00122222100000000000000000000012100001222221000121000000001210000000000121000000000
00122222100000000000000000000012100001112111000121000000001210000000000121000000000
00122222100000000000000000000012100000012100000121000000001210000000000121000000000
00122222100000000000000000000012100000012100000121000000001210000000000121000000000
00122222100000000000000000000012100000012100000121001111111211110000000121000000000
00122222100000000000111111111112111111112110000121111222222222211111111121111111100
00122222111111111111122222222222222222222211111122222222222222222222222222222222100
00122422222222222222222222222222111122222222222221111222222225211111112222222222100
00121221111111111111122222222222221122222211111121001422222222211111112222222222100
00121221000000000000122222222222222222222210000121111222222222222222222422222222100
00121121000000000000111121111111111122222211111122222222222222211111112222222222100
00121121100000000000000121000000000122222222222221111222225222210000011111111111100
00122222100000000000000121111000000122222211111121001222222222210000000000000000000
00122222100000000000000122221000000122222210000121001222222222210000000000000000000
00122222100000000000000122221000000111111110000121111222222242210000000000000000000
00152222100000000000000122221000000000000000000122222222222222210000000000000000000
00111111100000000000000122221000000000000000000121111222222222210000000000000000000
00000000000000000000000122221000000000000000000151001211211111110000000000000000000
00000000000000000000000122221000000000000000000121001211210000000000000000000000000
00000000000000000000000122221000000000000000011121111211211000000000000000000000000
00000000000000000000000111111000000000000000012222222222221000000000000000000000000
00000000000000000000000000000000000000000000012242222222221000000000000000000000000
00000000000000000000000000000000000000000000012222222222221000000000000000000000000
00000000000000000000000000000000000000000000012222222222221000000000000000000000000
00000000000000000000000000000000000000000000012222222222221000000000000000000000000
00000000000000000000000000000000000000000000011111111111111000000000000000000000000
12	4	1
PLAYER	20	44	5	5
ENEMY	60	11	2	2
ENEMY	53	17	2	2
ENEMY	71	16	2	2
ENEMY	59	40	2	2
ENEMY	18	33	2	2
ENEMY	5	18	2	2
ENEMY	48	4	2	2
ENEMY	17	35	2	2
FOOD	61	18	1	1
FOOD	64	45	1	1
FOOD	26	44	1	0
FOOD	18	43	1	0
FOOD	41	35	1	1
FOOD	28	44	1	0
FOOD	3	10	1	1
FOOD	55	18	1	0
FOOD	48	8	1	1
FOOD	58	14	1	1
FOOD	32	17	1	0
FOOD	57	44	1	1
